Syst%C3%A8me_universitaire_de_documentation : 0.024500826580972
Integrated_Authority_File : 0.02172090088144809
International_Standard_Book_Number : 0.021676139602004377
Virtual_International_Authority_File : 0.019705108918978777
Wayback_Machine : 0.017852304360146655
United_States : 0.015577753878729422
Digital_object_identifier : 0.015229281031618356
Biblioth%C3%A8que_nationale_de_France : 0.008918591326512619
International_Standard_Serial_Number : 0.008903332627411794
United_Kingdom : 0.007822191062692998
Canada : 0.007641513028135151
Geographic_coordinate_system : 0.0068967395123700455
ISO_3166 : 0.006635468108927776
ISO_4217 : 0.006582600718655686
Turks_and_Caicos_Islands : 0.0063202324910265305
France : 0.00616480864223393
DMOZ : 0.006078574127492433
Bibcode : 0.0054135343459527025
French_language : 0.004305371497328855
Mexico : 0.004095854834190479
Spanish_language : 0.003867196587111803
English_language : 0.0038187380049943104
British_Empire : 0.003806426599858267
Caribbean : 0.003746074823851309
Bermuda : 0.0035647851570280906
Europe : 0.003413914306946852
Netherlands : 0.003413066068586032
Jamaica : 0.0032965466293546643
Slush : 0.003270234175131711
Dependent_territory : 0.0032618647334613548
Montserrat : 0.003252916615076922
Anguilla : 0.0032245754965654584
British_Virgin_Islands : 0.003202490328852329
Cayman_Islands : 0.0031490961120024074
Scotland : 0.0030233583908824335
Puerto_Rico : 0.003022505265057876
United_States_dollar : 0.002998077787651303
England : 0.00290543121014097
Trinidad_and_Tobago : 0.002893032547702536
Commonwealth_of_Nations : 0.0028918459198761493
The_Bahamas : 0.002886843666650381
Barbados : 0.0028073570165518718
Gibraltar : 0.002805942979516231
Grenada : 0.0027435811842491677
Falkland_Islands : 0.002678548346330647
Country_code_top-level_domain : 0.0026674592378262535
Cuba : 0.002648142145899933
South_Georgia_and_the_South_Sandwich_Islands : 0.002633933423320496
Dominican_Republic : 0.002522810595343363
Sint_Maarten : 0.002503034094694195
