Wayback_Machine : 0.055293872104579436
International_Standard_Book_Number : 0.042018604973256234
Digital_object_identifier : 0.036179015212115494
International_Standard_Serial_Number : 0.028094853498129128
National_Diet_Library : 0.02312415485606231
Bibcode : 0.01776625004470102
PubMed_Identifier : 0.013549135180913299
OCLC : 0.012682623885158072
Canada : 0.011850038116546254
World_War_II : 0.01183961160340034
Japan : 0.010075016831983401
United_States_dollar : 0.007594584015414718
Nature_(journal) : 0.0065800080867460045
Astronomy : 0.005764841748482639
Tropical_cyclone : 0.005557989543910354
National_Oceanic_and_Atmospheric_Administration : 0.0046920079394697015
Mexico : 0.004606533436256601
NASA : 0.004309468911764945
China : 0.0040140501362349226
Pacific_Ocean : 0.004010933766990737
Science_(journal) : 0.0039320992761385145
Earth : 0.0038648368430190655
United_States_Navy : 0.0038416952299947216
Atlantic_Ocean : 0.003750611415753184
International_Space_Station : 0.0036324967378686076
Puerto_Rico : 0.003480492056088167
United_States_Geological_Survey : 0.0034160913862236143
Florida : 0.003258122972103913
Virginia : 0.0032393421684027914
Meteorology : 0.003236180975451156
National_Weather_Service : 0.0031321834580827815
Wikisource : 0.003119374742917751
Washington,_D.C. : 0.0030443993443641858
Brazil : 0.0030318786458989667
Philippines : 0.0029042747802424393
New_York_City : 0.002851108427184606
Tornado : 0.0027908321513913496
Equator : 0.002648392922904436
Maryland : 0.002646397059918969
North_Carolina : 0.002637217179330117
Bangladesh : 0.0025424915394567102
Ontario : 0.0024803233133769116
Houston_Hurricanes : 0.002479476646189412
Pascal_(unit) : 0.002466614222186212
New_York_(state) : 0.0024521315481704806
Haiti : 0.002450488877766642
Guam : 0.0024413653714812395
Atmospheric_pressure : 0.0023653062264066094
Latitude : 0.0023210053036718066
American_Meteorological_Society : 0.002295850773229927
